135 th move:
   4   2   5   8
   6   6   5   8
   7   7   3   3
   0   1   1   9
   0   1   1  10
--------------------
134 th move:
   4   2   5   8
   6   6   5   8
   7   7   3   3
   1   1   0   9
   1   1   0  10
--------------------
133 th move:
   4   2   5   8
   6   6   5   8
   7   7   3   3
   1   1   0   9
   1   1  10   0
--------------------
132 th move:
   4   2   5   8
   6   6   5   8
   7   7   3   3
   1   1   0   0
   1   1  10   9
--------------------
131 th move:
   4   2   5   8
   6   6   5   8
   7   7   0   0
   1   1   3   3
   1   1  10   9
--------------------
130 th move:
   4   2   5   8
   6   6   5   8
   0   7   7   0
   1   1   3   3
   1   1  10   9
--------------------
129 th move:
   4   2   5   8
   6   6   5   8
   0   0   7   7
   1   1   3   3
   1   1  10   9
--------------------
128 th move:
   4   2   5   8
   6   6   5   8
   1   1   7   7
   1   1   3   3
   0   0  10   9
--------------------
127 th move:
   4   2   5   8
   6   6   5   8
   1   1   7   7
   1   1   3   3
   0  10   0   9
--------------------
126 th move:
   4   2   5   8
   6   6   5   8
   1   1   7   7
   1   1   3   3
  10   0   0   9
--------------------
125 th move:
   4   2   5   8
   6   6   5   8
   1   1   7   7
   1   1   3   3
  10   0   9   0
--------------------
124 th move:
   4   2   5   8
   6   6   5   8
   1   1   7   7
   1   1   3   3
  10   9   0   0
--------------------
123 th move:
   4   2   5   8
   6   6   5   8
   1   1   7   7
   1   1   0   0
  10   9   3   3
--------------------
122 th move:
   4   2   5   8
   6   6   5   8
   1   1   0   0
   1   1   7   7
  10   9   3   3
--------------------
121 th move:
   4   2   5   0
   6   6   5   8
   1   1   0   8
   1   1   7   7
  10   9   3   3
--------------------
120 th move:
   4   2   0   0
   6   6   5   8
   1   1   5   8
   1   1   7   7
  10   9   3   3
--------------------
119 th move:
   4   0   2   0
   6   6   5   8
   1   1   5   8
   1   1   7   7
  10   9   3   3
--------------------
118 th move:
   0   4   2   0
   6   6   5   8
   1   1   5   8
   1   1   7   7
  10   9   3   3
--------------------
117 th move:
   0   4   0   2
   6   6   5   8
   1   1   5   8
   1   1   7   7
  10   9   3   3
--------------------
116 th move:
   0   0   4   2
   6   6   5   8
   1   1   5   8
   1   1   7   7
  10   9   3   3
--------------------
115 th move:
   6   6   4   2
   0   0   5   8
   1   1   5   8
   1   1   7   7
  10   9   3   3
--------------------
114 th move:
   6   6   4   2
   1   1   5   8
   1   1   5   8
   0   0   7   7
  10   9   3   3
--------------------
113 th move:
   6   6   4   2
   1   1   5   8
   1   1   5   8
  10   0   7   7
   0   9   3   3
--------------------
112 th move:
   6   6   4   2
   1   1   5   8
   1   1   5   8
  10   9   7   7
   0   0   3   3
--------------------
111 th move:
   6   6   4   2
   1   1   5   8
   1   1   5   8
  10   9   7   7
   0   3   3   0
--------------------
110 th move:
   6   6   4   2
   1   1   5   8
   1   1   5   8
  10   9   7   7
   3   3   0   0
--------------------
109 th move:
   6   6   4   2
   1   1   5   8
   1   1   5   8
  10   9   0   0
   3   3   7   7
--------------------
108 th move:
   6   6   4   2
   1   1   5   0
   1   1   5   8
  10   9   0   8
   3   3   7   7
--------------------
107 th move:
   6   6   4   2
   1   1   0   0
   1   1   5   8
  10   9   5   8
   3   3   7   7
--------------------
106 th move:
   6   6   0   2
   1   1   4   0
   1   1   5   8
  10   9   5   8
   3   3   7   7
--------------------
105 th move:
   0   6   6   2
   1   1   4   0
   1   1   5   8
  10   9   5   8
   3   3   7   7
--------------------
104 th move:
   0   6   6   0
   1   1   4   2
   1   1   5   8
  10   9   5   8
   3   3   7   7
--------------------
103 th move:
   0   0   6   6
   1   1   4   2
   1   1   5   8
  10   9   5   8
   3   3   7   7
--------------------
102 th move:
   1   1   6   6
   1   1   4   2
   0   0   5   8
  10   9   5   8
   3   3   7   7
--------------------
101 th move:
   1   1   6   6
   1   1   4   2
  10   0   5   8
   0   9   5   8
   3   3   7   7
--------------------
100 th move:
   1   1   6   6
   1   1   4   2
  10   0   5   8
   9   0   5   8
   3   3   7   7
--------------------
99 th move:
   1   1   6   6
   1   1   4   2
  10   5   0   8
   9   5   0   8
   3   3   7   7
--------------------
98 th move:
   1   1   6   6
   1   1   0   2
  10   5   4   8
   9   5   0   8
   3   3   7   7
--------------------
97 th move:
   1   1   6   6
   1   1   2   0
  10   5   4   8
   9   5   0   8
   3   3   7   7
--------------------
96 th move:
   1   1   6   6
   1   1   2   8
  10   5   4   8
   9   5   0   0
   3   3   7   7
--------------------
95 th move:
   1   1   6   6
   1   1   2   8
  10   5   4   8
   9   5   7   7
   3   3   0   0
--------------------
94 th move:
   1   1   6   6
   1   1   2   8
  10   5   4   8
   9   5   7   7
   0   3   3   0
--------------------
93 th move:
   1   1   6   6
   1   1   2   8
  10   5   4   8
   0   5   7   7
   9   3   3   0
--------------------
92 th move:
   1   1   6   6
   1   1   2   8
   0   5   4   8
  10   5   7   7
   9   3   3   0
--------------------
91 th move:
   1   1   6   6
   1   1   2   8
   0   5   4   8
  10   5   7   7
   9   0   3   3
--------------------
90 th move:
   1   1   6   6
   1   1   2   8
   0   0   4   8
  10   5   7   7
   9   5   3   3
--------------------
89 th move:
   0   0   6   6
   1   1   2   8
   1   1   4   8
  10   5   7   7
   9   5   3   3
--------------------
88 th move:
   0   6   6   0
   1   1   2   8
   1   1   4   8
  10   5   7   7
   9   5   3   3
--------------------
87 th move:
   0   6   6   8
   1   1   2   8
   1   1   4   0
  10   5   7   7
   9   5   3   3
--------------------
86 th move:
   6   6   0   8
   1   1   2   8
   1   1   4   0
  10   5   7   7
   9   5   3   3
--------------------
85 th move:
   6   6   0   8
   1   1   2   8
   1   1   0   4
  10   5   7   7
   9   5   3   3
--------------------
84 th move:
   6   6   2   8
   1   1   0   8
   1   1   0   4
  10   5   7   7
   9   5   3   3
--------------------
83 th move:
   6   6   2   8
   0   1   1   8
   0   1   1   4
  10   5   7   7
   9   5   3   3
--------------------
82 th move:
   6   6   2   8
   0   1   1   8
  10   1   1   4
   0   5   7   7
   9   5   3   3
--------------------
81 th move:
   6   6   2   8
  10   1   1   8
   0   1   1   4
   0   5   7   7
   9   5   3   3
--------------------
80 th move:
   6   6   2   8
  10   1   1   8
   0   1   1   4
   9   5   7   7
   0   5   3   3
--------------------
79 th move:
   6   6   2   8
  10   1   1   8
   9   1   1   4
   0   5   7   7
   0   5   3   3
--------------------
78 th move:
   6   6   2   8
  10   1   1   8
   9   1   1   4
   5   0   7   7
   5   0   3   3
--------------------
77 th move:
   6   6   2   8
  10   1   1   8
   9   1   1   4
   5   7   7   0
   5   0   3   3
--------------------
76 th move:
   6   6   2   8
  10   1   1   8
   9   1   1   0
   5   7   7   4
   5   0   3   3
--------------------
75 th move:
   6   6   2   0
  10   1   1   8
   9   1   1   8
   5   7   7   4
   5   0   3   3
--------------------
74 th move:
   6   6   0   2
  10   1   1   8
   9   1   1   8
   5   7   7   4
   5   0   3   3
--------------------
73 th move:
   0   6   6   2
  10   1   1   8
   9   1   1   8
   5   7   7   4
   5   0   3   3
--------------------
72 th move:
  10   6   6   2
   0   1   1   8
   9   1   1   8
   5   7   7   4
   5   0   3   3
--------------------
71 th move:
  10   6   6   2
   0   1   1   8
   9   1   1   8
   5   7   7   4
   5   3   3   0
--------------------
70 th move:
  10   6   6   2
   0   1   1   8
   9   1   1   8
   5   7   7   0
   5   3   3   4
--------------------
69 th move:
  10   6   6   2
   0   1   1   0
   9   1   1   8
   5   7   7   8
   5   3   3   4
--------------------
68 th move:
  10   6   6   0
   0   1   1   2
   9   1   1   8
   5   7   7   8
   5   3   3   4
--------------------
67 th move:
  10   0   6   6
   0   1   1   2
   9   1   1   8
   5   7   7   8
   5   3   3   4
--------------------
66 th move:
   0  10   6   6
   0   1   1   2
   9   1   1   8
   5   7   7   8
   5   3   3   4
--------------------
65 th move:
   0  10   6   6
   9   1   1   2
   0   1   1   8
   5   7   7   8
   5   3   3   4
--------------------
64 th move:
   9  10   6   6
   0   1   1   2
   0   1   1   8
   5   7   7   8
   5   3   3   4
--------------------
63 th move:
   9  10   6   6
   1   1   0   2
   1   1   0   8
   5   7   7   8
   5   3   3   4
--------------------
62 th move:
   9  10   6   6
   1   1   2   0
   1   1   0   8
   5   7   7   8
   5   3   3   4
--------------------
61 th move:
   9  10   6   6
   1   1   0   0
   1   1   2   8
   5   7   7   8
   5   3   3   4
--------------------
60 th move:
   9  10   0   0
   1   1   6   6
   1   1   2   8
   5   7   7   8
   5   3   3   4
--------------------
59 th move:
   9   0  10   0
   1   1   6   6
   1   1   2   8
   5   7   7   8
   5   3   3   4
--------------------
58 th move:
   9   0   0  10
   1   1   6   6
   1   1   2   8
   5   7   7   8
   5   3   3   4
--------------------
57 th move:
   0   9   0  10
   1   1   6   6
   1   1   2   8
   5   7   7   8
   5   3   3   4
--------------------
56 th move:
   0   0   9  10
   1   1   6   6
   1   1   2   8
   5   7   7   8
   5   3   3   4
--------------------
55 th move:
   1   1   9  10
   1   1   6   6
   0   0   2   8
   5   7   7   8
   5   3   3   4
--------------------
54 th move:
   1   1   9  10
   1   1   6   6
   5   0   2   8
   5   7   7   8
   0   3   3   4
--------------------
53 th move:
   1   1   9  10
   1   1   6   6
   5   0   2   8
   5   7   7   8
   3   3   0   4
--------------------
52 th move:
   1   1   9  10
   1   1   6   6
   5   0   2   8
   5   7   7   8
   3   3   4   0
--------------------
51 th move:
   1   1   9  10
   1   1   6   6
   5   0   2   0
   5   7   7   8
   3   3   4   8
--------------------
50 th move:
   1   1   9  10
   1   1   6   6
   5   2   0   0
   5   7   7   8
   3   3   4   8
--------------------
49 th move:
   1   1   9  10
   1   1   0   0
   5   2   6   6
   5   7   7   8
   3   3   4   8
--------------------
48 th move:
   1   1   0  10
   1   1   9   0
   5   2   6   6
   5   7   7   8
   3   3   4   8
--------------------
47 th move:
   1   1   0  10
   1   1   0   9
   5   2   6   6
   5   7   7   8
   3   3   4   8
--------------------
46 th move:
   0   1   1  10
   0   1   1   9
   5   2   6   6
   5   7   7   8
   3   3   4   8
--------------------
45 th move:
   0   1   1  10
   5   1   1   9
   5   2   6   6
   0   7   7   8
   3   3   4   8
--------------------
44 th move:
   5   1   1  10
   5   1   1   9
   0   2   6   6
   0   7   7   8
   3   3   4   8
--------------------
43 th move:
   5   1   1  10
   5   1   1   9
   2   0   6   6
   0   7   7   8
   3   3   4   8
--------------------
42 th move:
   5   1   1  10
   5   1   1   9
   2   6   6   0
   0   7   7   8
   3   3   4   8
--------------------
41 th move:
   5   1   1  10
   5   1   1   9
   2   6   6   8
   0   7   7   8
   3   3   4   0
--------------------
40 th move:
   5   1   1  10
   5   1   1   9
   0   6   6   8
   2   7   7   8
   3   3   4   0
--------------------
39 th move:
   0   1   1  10
   5   1   1   9
   5   6   6   8
   2   7   7   8
   3   3   4   0
--------------------
38 th move:
   0   1   1  10
   5   1   1   9
   5   6   6   8
   2   7   7   8
   3   3   0   4
--------------------
37 th move:
   0   1   1  10
   5   1   1   9
   5   6   6   8
   2   7   7   8
   0   3   3   4
--------------------
36 th move:
   0   1   1  10
   5   1   1   9
   5   6   6   8
   0   7   7   8
   2   3   3   4
--------------------
35 th move:
   0   1   1  10
   0   1   1   9
   5   6   6   8
   5   7   7   8
   2   3   3   4
--------------------
34 th move:
   1   1   0  10
   1   1   0   9
   5   6   6   8
   5   7   7   8
   2   3   3   4
--------------------
33 th move:
   1   1   0  10
   1   1   9   0
   5   6   6   8
   5   7   7   8
   2   3   3   4
--------------------
32 th move:
   1   1   9  10
   1   1   0   0
   5   6   6   8
   5   7   7   8
   2   3   3   4
--------------------
31 th move:
   1   1   9  10
   1   1   0   8
   5   6   6   8
   5   7   7   0
   2   3   3   4
--------------------
30 th move:
   1   1   9  10
   1   1   0   8
   5   6   6   8
   5   7   7   4
   2   3   3   0
--------------------
29 th move:
   1   1   9  10
   1   1   0   8
   5   6   6   8
   5   7   7   4
   2   0   3   3
--------------------
28 th move:
   1   1   9  10
   1   1   0   8
   5   6   6   8
   5   7   7   4
   0   2   3   3
--------------------
27 th move:
   1   1   9  10
   1   1   0   8
   0   6   6   8
   5   7   7   4
   5   2   3   3
--------------------
26 th move:
   1   1   9  10
   1   1   0   8
   6   6   0   8
   5   7   7   4
   5   2   3   3
--------------------
25 th move:
   1   1   9  10
   1   1   8   0
   6   6   8   0
   5   7   7   4
   5   2   3   3
--------------------
24 th move:
   1   1   9   0
   1   1   8  10
   6   6   8   0
   5   7   7   4
   5   2   3   3
--------------------
23 th move:
   1   1   9   0
   1   1   8   0
   6   6   8  10
   5   7   7   4
   5   2   3   3
--------------------
22 th move:
   1   1   0   9
   1   1   8   0
   6   6   8  10
   5   7   7   4
   5   2   3   3
--------------------
21 th move:
   1   1   8   9
   1   1   8   0
   6   6   0  10
   5   7   7   4
   5   2   3   3
--------------------
20 th move:
   1   1   8   9
   1   1   8   0
   0   6   6  10
   5   7   7   4
   5   2   3   3
--------------------
19 th move:
   1   1   8   9
   1   1   8   0
   5   6   6  10
   5   7   7   4
   0   2   3   3
--------------------
18 th move:
   1   1   8   9
   1   1   8   0
   5   6   6  10
   5   7   7   4
   2   0   3   3
--------------------
17 th move:
   1   1   8   9
   1   1   8   0
   5   6   6  10
   5   7   7   4
   2   3   3   0
--------------------
16 th move:
   1   1   8   9
   1   1   8   0
   5   6   6  10
   5   7   7   0
   2   3   3   4
--------------------
15 th move:
   1   1   8   9
   1   1   8   0
   5   6   6   0
   5   7   7  10
   2   3   3   4
--------------------
14 th move:
   1   1   8   0
   1   1   8   9
   5   6   6   0
   5   7   7  10
   2   3   3   4
--------------------
13 th move:
   1   1   8   0
   1   1   8   0
   5   6   6   9
   5   7   7  10
   2   3   3   4
--------------------
12 th move:
   1   1   0   8
   1   1   0   8
   5   6   6   9
   5   7   7  10
   2   3   3   4
--------------------
11 th move:
   0   1   1   8
   0   1   1   8
   5   6   6   9
   5   7   7  10
   2   3   3   4
--------------------
10 th move:
   0   1   1   8
   5   1   1   8
   5   6   6   9
   0   7   7  10
   2   3   3   4
--------------------
9 th move:
   0   1   1   8
   5   1   1   8
   5   6   6   9
   2   7   7  10
   0   3   3   4
--------------------
8 th move:
   0   1   1   8
   5   1   1   8
   5   6   6   9
   2   7   7  10
   3   3   0   4
--------------------
7 th move:
   0   1   1   8
   5   1   1   8
   5   6   6   9
   2   7   7  10
   3   3   4   0
--------------------
6 th move:
   0   1   1   8
   5   1   1   8
   5   6   6   9
   2   7   7   0
   3   3   4  10
--------------------
5 th move:
   0   1   1   8
   5   1   1   8
   5   6   6   9
   2   0   7   7
   3   3   4  10
--------------------
4 th move:
   5   1   1   8
   5   1   1   8
   0   6   6   9
   2   0   7   7
   3   3   4  10
--------------------
3 th move:
   5   1   1   8
   5   1   1   8
   2   6   6   9
   0   0   7   7
   3   3   4  10
--------------------
2 th move:
   5   1   1   8
   5   1   1   8
   2   6   6   9
   3   3   7   7
   0   0   4  10
--------------------
1 th move:
   5   1   1   8
   5   1   1   8
   2   6   6   9
   3   3   7   7
   0   4   0  10
--------------------
0 th move:
   5   1   1   8
   5   1   1   8
   2   6   6   9
   3   3   7   7
   4   0   0  10
--------------------
